          0           0           0           0           0
  -0.907064   -0.372281     0.78819   -0.291246   -0.654975
    0.98551   -0.984482   -0.151616   -0.178698    -0.31425
  -0.839939    0.840191    0.302768    -0.44186 -0.00957081
  -0.704622      0.1985   -0.524214    -0.13549  -0.0255142
  -0.840711   -0.831776     0.40547   -0.580151   -0.316392
  -0.438867    0.483674  -0.0896616   -0.115527   -0.907524
  -0.103089    0.128978   -0.358295   -0.180035  -0.0462432
-0.00350433  -0.0482922   -0.776398   0.0560827  -0.0622715
   0.788004   -0.769081  -0.0567203    0.951475    0.935977
  -0.968651   0.0683807   -0.170358   -0.478653    -0.56097
    -0.4507    0.906445   -0.865288    0.732386   -0.532159
   0.942837    0.527655    0.914078   -0.587793    0.323519
  -0.557444    0.100719    0.645297   -0.989081   -0.366944
   -0.16701   -0.153307   -0.938661    0.257073   -0.180745
  -0.487726  -0.0155484   -0.274933   -0.824294      0.2692
  -0.273161    0.428435    0.659452    0.976277    0.691593
  -0.456306     0.94623   -0.843808   -0.812769    0.590518
  -0.168066   0.0023815   0.0197293   -0.150455   -0.900645
  -0.487514   -0.346938   -0.197414    -0.41666    0.570094
  -0.394299   -0.957737    0.202752     0.34099    0.417864
 -0.0774607   -0.191685    0.545311   -0.533338   -0.119015
 -0.0976661    0.909038      0.0141   -0.979955    0.969942
  -0.429218   -0.312404   -0.844243   -0.370539  -0.0224041
  -0.847294   -0.442914    0.598546    0.997858   -0.925179
   0.643483     0.60757   -0.673667    0.102047   -0.619291
   0.930477   -0.834081    0.955454    0.979271    0.794401
  -0.216517   -0.181869   -0.363766   -0.745879    0.444364
  -0.252755   -0.967059   0.0670015    0.843501   -0.232247
   0.939403   -0.812063    0.701382    0.485273   -0.201564
 -0.0452627     0.91111   -0.323697    0.530112    0.663451
   0.296736  -0.0292019   -0.539268    0.387541    0.738137
  -0.967662   -0.184345    0.489572   -0.805974    0.143461
 -0.0597523    0.926628    0.524687   -0.648586   -0.650799
   0.456797   -0.189011      0.7635    0.945681   -0.271434
  -0.672284   -0.985844    0.965358   0.0585367   -0.882053
  0.0995371   -0.905148  -0.0698424   -0.228737   0.0328084
   -0.98207   -0.705337   -0.326162   -0.169845   -0.178958
   0.224627    0.143133   -0.392937    0.878501   0.0717037
  -0.903967     0.04656    0.153759    0.827346    0.970537
   0.805934   -0.474419    0.617118    -0.21837   -0.242981
   0.255976   -0.788486    0.436705   -0.600152    0.510733
  -0.354667   -0.046995    0.288471    0.559732   -0.561622
   0.748771   -0.946764    0.531196    0.193836   -0.919462
   0.698532    0.312233   0.0820018   -0.589233    -0.85621
   0.478323    0.799698     0.34981   -0.183195    0.257633
  -0.738955   0.0376875   -0.743738    0.369543    0.349738
  -0.574629   -0.259332   -0.258546   -0.612956    0.835382
  -0.977982    0.745928    0.506002  0.00403528   -0.151849
  0.0929786   -0.959931    0.275992   -0.780913    0.449093
