          0           0
  -0.907064   -0.654975
    0.98551    -0.31425
  -0.839939 -0.00957081
  -0.704622  -0.0255142
  -0.840711   -0.316392
  -0.438867   -0.907524
  -0.103089  -0.0462432
-0.00350433  -0.0622715
   0.788004    0.935977
  -0.968651    -0.56097
    -0.4507   -0.532159
   0.942837    0.323519
  -0.557444   -0.366944
   -0.16701   -0.180745
  -0.487726      0.2692
  -0.273161    0.691593
  -0.456306    0.590518
  -0.168066   -0.900645
  -0.487514    0.570094
  -0.394299    0.417864
 -0.0774607   -0.119015
 -0.0976661    0.969942
  -0.429218  -0.0224041
  -0.847294   -0.925179
   0.643483   -0.619291
   0.930477    0.794401
  -0.216517    0.444364
  -0.252755   -0.232247
   0.939403   -0.201564
 -0.0452627    0.663451
   0.296736    0.738137
  -0.967662    0.143461
 -0.0597523   -0.650799
   0.456797   -0.271434
  -0.672284   -0.882053
  0.0995371   0.0328084
   -0.98207   -0.178958
   0.224627   0.0717037
  -0.903967    0.970537
   0.805934   -0.242981
   0.255976    0.510733
  -0.354667   -0.561622
   0.748771   -0.919462
   0.698532    -0.85621
   0.478323    0.257633
  -0.738955    0.349738
  -0.574629    0.835382
  -0.977982   -0.151849
  0.0929786    0.449093
 -0.0621432    0.405477
  -0.372281   -0.733985
  -0.984482   -0.669923
   0.840191    0.375419
     0.1985    0.243611
  -0.831776   -0.595102
   0.483674    0.756128
   0.128978   0.0380119
 -0.0482922    0.849262
  -0.769081   -0.476119
  0.0683807    0.836448
   0.906445    0.512713
   0.527655   -0.737982
   0.100719  -0.0200912
  -0.153307    0.861913
 -0.0155484 -0.00941593
   0.428435   0.0978557
    0.94623   -0.105278
  0.0023815    0.811626
  -0.346938   -0.830441
  -0.957737   -0.134741
  -0.191685   -0.431354
   0.909038    0.680293
  -0.312404    0.303636
  -0.442914   -0.350816
    0.60757    0.824082
  -0.834081   -0.438731
  -0.181869    0.998922
  -0.967059    0.659465
  -0.812063     0.40942
    0.91111    0.448015
 -0.0292019   0.0649414
  -0.184345    0.675436
   0.926628    0.778092
  -0.189011    -0.55964
  -0.985844   -0.080953
  -0.905148    -0.81701
  -0.705337   -0.803512
   0.143133    0.957059
    0.04656   -0.967748
  -0.474419   -0.279631
  -0.788486    0.793507
  -0.046995    0.544965
  -0.946764  -0.0176132
   0.312233   -0.226584
   0.799698    0.406878
  0.0376875    0.972971
  -0.259332    0.871271
   0.745928     -0.6984
  -0.959931    0.784597
    0.39373   -0.959169
    0.78819    0.166858
  -0.151616   -0.646757
   0.302768    0.721123
  -0.524214   -0.529505
    0.40547  0.00242695
 -0.0896616    0.545206
  -0.358295   0.0317637
  -0.776398  0.00134877
 -0.0567203     0.20467
  -0.170358   -0.558816
  -0.865288   -0.550637
   0.914078   -0.730388
   0.645297    -0.88338
  -0.938661   -0.772545
  -0.274933   -0.290028
   0.659452   0.0356666
  -0.843808   -0.589554
  0.0197293  -0.0935397
  -0.197414 -0.00727442
   0.202752   -0.557302
   0.545311    0.626829
     0.0141   -0.213768
  -0.844243    0.987663
   0.598546   -0.390784
  -0.673667    0.559648
   0.955454    0.394541
  -0.363766   -0.417813
  0.0670015    0.430919
   0.701382     0.69614
  -0.323697   -0.633216
  -0.539268     0.47175
   0.489572   -0.137001
   0.524687   -0.279973
     0.7635    0.192873
   0.965358    0.333493
 -0.0698424    0.722454
  -0.326162   -0.261921
  -0.392937   -0.634743
   0.153759   -0.276197
   0.617118     0.94275
   0.436705   -0.193559
   0.288471    0.173166
   0.531196   -0.787639
  0.0820018  -0.0769395
    0.34981    0.400622
  -0.743738  -0.0776665
  -0.258546    0.958727
   0.506002    0.811067
   0.275992    0.828794
    0.54404  -0.0485473
  -0.291246   -0.746235
  -0.178698    0.455623
   -0.44186    0.737685
   -0.13549   -0.758572
  -0.580151   -0.935161
  -0.115527    0.297333
  -0.180035    0.635968
  0.0560827   -0.352974
   0.951475   -0.271748
  -0.478653    0.332109
   0.732386   0.0138101
  -0.587793   -0.799998
  -0.989081   -0.804893
   0.257073    0.733837
  -0.824294    0.392876
   0.976277    0.528601
  -0.812769    0.456292
  -0.150455   -0.869045
   -0.41666    0.893857
    0.34099   -0.819906
  -0.533338   -0.926296
  -0.979955   -0.299702
  -0.370539    0.353261
   0.997858   -0.713934
   0.102047    0.623359
   0.979271   -0.246118
  -0.745879    0.208399
   0.843501    0.582086
   0.485273    -0.43505
   0.530112    0.037193
   0.387541   -0.466461
  -0.805974   -0.181285
  -0.648586   -0.507184
   0.945681   -0.728776
  0.0585367   0.0601425
  -0.228737   -0.442345
  -0.169845    0.568557
   0.878501   -0.303889
   0.827346    0.204681
   -0.21837   -0.703191
  -0.600152   -0.971781
   0.559732   -0.781509
   0.193836   -0.503189
  -0.589233   -0.776673
  -0.183195    0.952328
   0.369543    0.889687
  -0.612956    0.751927
 0.00403528     0.40862
  -0.780913   -0.979358
