          0           0
  -0.907064   -0.372281
    0.98551   -0.984482
  -0.839939    0.840191
  -0.704622      0.1985
  -0.840711   -0.831776
  -0.438867    0.483674
  -0.103089    0.128978
-0.00350433  -0.0482922
   0.788004   -0.769081
  -0.968651   0.0683807
    -0.4507    0.906445
   0.942837    0.527655
  -0.557444    0.100719
   -0.16701   -0.153307
  -0.487726  -0.0155484
  -0.273161    0.428435
  -0.456306     0.94623
  -0.168066   0.0023815
  -0.487514   -0.346938
  -0.394299   -0.957737
 -0.0774607   -0.191685
 -0.0976661    0.909038
  -0.429218   -0.312404
  -0.847294   -0.442914
   0.643483     0.60757
   0.930477   -0.834081
  -0.216517   -0.181869
  -0.252755   -0.967059
   0.939403   -0.812063
 -0.0452627     0.91111
   0.296736  -0.0292019
  -0.967662   -0.184345
 -0.0597523    0.926628
   0.456797   -0.189011
  -0.672284   -0.985844
  0.0995371   -0.905148
   -0.98207   -0.705337
   0.224627    0.143133
  -0.903967     0.04656
   0.805934   -0.474419
   0.255976   -0.788486
  -0.354667   -0.046995
   0.748771   -0.946764
   0.698532    0.312233
   0.478323    0.799698
  -0.738955   0.0376875
  -0.574629   -0.259332
  -0.977982    0.745928
  0.0929786   -0.959931
